ag2_n2               2.209316  1146.734833  -235.236700
ag3_n1o2             0.513706   233.291510    27.800654
ag3_n2o1             0.842671   378.925362   -16.387763
ag3_n3               0.738956   205.855479    52.834530
ag3_o3               0.593374   309.155652    -2.516213
ag4_n1o3             0.144196   465.295534  -270.317215
ag4_n2o2             0.156831    79.726304   -61.413289
ag4_n2s2             0.165801    67.087496   -10.095700
ag4_n3o1             0.642496   261.749173    29.624443
ag4_n4               0.703706   153.057800    79.668431
ag4_o2s2             0.490778   341.690941    22.419871
ag4_o4               0.132461   417.450458  -323.889860
ag5_n1o3s1           0.117255   201.018008  -196.957131
ag5_n1o4             0.141220   422.693592  -283.586638
ag5_n2o3             0.087534   165.841792  -304.312165
ag5_n3o2             0.084640   263.975047  -321.959683
ag5_o5               0.082013   329.805453  -580.896779
ag6_n2o4             0.088278   565.198571  -482.871138
ag6_o6               0.140404   621.903658  -484.125961
al5_o5               1.674726   887.358013 -1247.810875
al6_o6               1.333501   930.226320 -1298.680586
br1_c1               0.891326   655.112743   149.092808
br1_cd1              0.669739    62.680852   184.873166
br1_zn1              0.848700   446.274323   348.511243
br2_cd2              0.830243   619.933333   382.394153
br2_cu2              0.796252   657.796154   399.824546
c2_c1h1              0.178936   332.238120   339.227921
c2_c1n1              0.300999     0.000180   102.278471
c2_c2                0.254400     0.000007   143.472655
c2_cu1n1             0.672256   594.160457   234.091268
c2_n1ni1             0.011177    44.221804  -167.288501
c2_n1s1              0.038543    63.703805  -524.440050
c2_n2                0.047342   185.837394  -811.559148
c2_o2                3.006120   637.786054  -337.074209
c3_br1c1n1           0.223018     5.682069    74.095756
c3_br1c2             0.246884     0.000001   108.328509
c3_c1cl1n1           0.216710    38.359564    56.033259
c3_c1f1n1            0.237448     0.010373    42.819952
c3_c1h1n1            0.281980     0.000053   104.104424
c3_c1h1o1            0.263851     0.002025    76.260494
c3_c1h1s1            0.406960   102.972912   143.090303
c3_c1h2              0.304583     7.365100   142.874511
c3_c1i1n1            0.208361    14.960545    81.985816
c3_c1n1o1            0.216082     0.002293    14.285938
c3_c1n1p1            0.305018     1.061204    87.091744
c3_c1n1s1            0.251323     0.017618    92.868702
c3_c1n2              0.240390     0.000538    64.562870
c3_c1o2              0.104843     0.000287  -300.414570
c3_c1s2              0.695856   389.720163   149.956659
c3_c2cl1             0.260052     0.001556   103.733120
c3_c2f1              0.264488     0.000069    80.849476
c3_c2h1              0.262636     0.000503   129.743260
c3_c2i1              0.249656    13.668558   120.122303
c3_c2n1              0.233372     0.001499    84.859274
c3_c2o1              0.240323     0.001076    62.281652
c3_c2p1              0.230718    59.761275   141.539201
c3_c2s1              0.247884     0.000668   115.349136
c3_c3                0.236787     0.000000   107.696957
c3_h1n1o1            0.235780   249.121948   -36.258678
c3_h1n1s1            0.246399   386.575636   139.180264
c3_h1n2              0.548602   140.830676    85.346809
c3_h1o2              0.069311   246.807859  -618.552743
c3_n1s2              0.496839   188.669411    97.311537
c3_n2o1              0.165939     0.005291   -96.595832
c3_n2s1              0.217387     0.004317    49.310133
c3_n3                0.230720     0.006239    30.414391
c3_o3                0.078494   171.837256  -890.503132
c4_br1c2h1           0.308612   203.222970    95.284760
c4_br1c3             0.347521   324.213336    81.544437
c4_c1f3              0.195670    44.430083  -107.749668
c4_c1h1n2            0.124680  1010.062256     9.717143
c4_c1h2n1            0.221077     0.004478   102.232182
c4_c1h2o1            0.229490     0.052720    77.501707
c4_c1h2p1            0.232447    16.443717   164.754844
c4_c1h2s1            0.249048     0.003234   124.795139
c4_c1h3              0.234160     0.001545   159.254700
c4_c1o1p2            0.923250   510.177304   199.373877
c4_c2cl1h1           0.291227    73.481479    91.875310
c4_c2cl2             0.239066    54.379056    58.845820
c4_c2f1h1            0.199280    34.864444    48.185076
c4_c2f2              0.218720    48.335648   -16.260241
c4_c2h1i1            0.175984   110.548554   115.027635
c4_c2h1n1            0.195720     0.009551    80.187296
c4_c2h1o1            0.206304     0.000870    59.236350
c4_c2h1s1            0.299992    69.658506   111.130163
c4_c2h2              0.229133     0.537566   132.400493
c4_c2n1o1            0.187054    25.736829    -8.857676
c4_c2n2              0.188271     2.743339    36.637362
c4_c2o2              0.197519    21.831266   -25.866286
c4_c3cl1             0.268645    77.455315    81.765197
c4_c3f1              0.227095    94.619505    33.002812
c4_c3h1              0.209035     0.000030   117.454234
c4_c3i1              0.227603    88.011719   103.590643
c4_c3n1              0.187851     0.068890    59.928992
c4_c3o1              0.194220     0.011356    37.316296
c4_c3s1              0.244708    30.790815   107.409992
c4_c4                0.306412   163.624530    94.339991
c4_f3s1              0.080903    83.329531  -497.451174
c4_h2n1p1            0.041454   121.967416   939.996146
c4_h2n2              0.206066     0.036222    65.935540
c4_h2o2              0.062251   477.085926  -265.320305
c4_h2s2              0.248404     0.358166   132.853115
c4_h3n1              0.297035    24.126482   111.281416
c4_h3o1              0.383004   517.340668   173.063420
c4_h3s1              0.246253     0.013629   159.491576
cd4_br2n2            0.611198   143.557639    35.870039
cd4_cl2n2            0.619799   198.007570   -12.466554
cd4_i2n2             0.462618   248.061301   -32.251291
cd4_n4               0.711667   515.242697  -266.900806
cd5_cl3n2            0.182369     9.784603  -131.534216
cd5_n1o4             0.140936   134.989169  -505.904269
cd5_n2o3             0.493382   206.894145   -86.618599
cd5_o5               0.465819   343.656903  -269.200171
cd6_br2n4            0.184985    20.828995  -112.633333
cd6_br4n2            0.312041   302.171377  -147.337952
cd6_cl2n1o3          0.442954   429.458495  -249.721998
cd6_cl2n2o2          0.161334   192.619487  -350.198492
cd6_cl2n4            0.181208   242.114286  -275.219305
cd6_cl4n1o1          0.100471   120.544007  -567.277553
cd6_cl4n2            0.119035   462.805105  -681.406106
cd6_cl4o2            0.125764   179.061346  -450.231917
cd6_n1o5             0.331558   488.748066  -432.762297
cd6_n2o2s2           0.103860   230.093929  -685.062106
cd6_n2o4             0.384359   399.422830  -275.160123
cd6_n3o3             0.471041   592.755248  -394.620090
cd6_n4o2             0.509401   710.408150  -464.966878
cd6_n4s2             0.329278   663.244729  -412.483576
cd6_n5o1             0.353272   305.941173  -168.548744
cd6_n6               0.391163   214.083160   -66.842405
cd6_o6               0.130510   864.077438 -1377.212856
cd7_cd1n1o5          0.446929   329.965716  -240.261906
cd7_cd1o6            0.163613   212.557679  -565.053695
cd7_n1o6             0.208708   406.453493  -484.014436
cd7_n2o5             0.097314    16.499002  -592.287823
cd7_n3o4             0.133397    91.932528  -368.822039
cd7_n4o3             0.541437   479.718716  -250.946994
cd7_o7               0.121976   491.188446  -981.789333
cd8_cd1n1o6          0.262610   390.855410  -396.613571
cd8_cd1o7            0.134039   127.973379  -565.654536
cd8_n4o4             0.608133   486.849190  -228.703900
cd8_o8               0.432924   723.250278  -556.044570
cl1_c1               0.343462   504.709632   154.103180
cl1_cd1              0.524081   101.904622   228.285859
cl1_co1              0.622035   503.389294   389.638097
cl1_cu1              0.394516   150.756047   287.985985
cl1_zn1              0.098592   365.180817   758.645171
cl2_cd2              0.085281  1047.335858  1118.905739
cl2_cu2              1.952160   954.818296   570.487391
cl4_o4               0.264591   183.284966  -265.973038
co4_cl2n2            0.222747   199.723002  -164.135993
co4_n1o3             0.158448   340.542578  -574.220271
co4_n2o2             0.347226   249.997413  -171.790865
co4_n4               0.522373   659.522538  -326.707798
co4_o4               0.318639   461.217071  -440.003565
co5_n1o4             0.244109   120.028303  -159.710116
co5_n2o3             0.301474   450.453228  -336.054507
co5_n3o2             0.215092   209.600043  -189.201002
co5_o5               0.106638   350.540835  -920.258001
co6_co1n1o4          0.537657   348.104835  -149.378573
co6_n1o5             0.183453   341.339325  -491.106108
co6_n2o4             0.288508  1323.513077 -1095.523704
co6_n3o3             0.253408   857.243193  -663.500765
co6_n4o2             0.467594   216.568218   -21.216957
co6_n6               0.299813   115.054629    29.979485
co6_o6               0.059966   241.318027 -1647.404833
cu2_i1n1             0.279268   769.976671   -38.294305
cu2_n2               0.565754   135.731100    64.767173
cu3_br2n1            0.320022   439.577266     3.686701
cu3_c1n2             0.319572   246.562257    25.361009
cu3_cl1n2            0.312725   388.508826   -43.753222
cu3_cl2n1            0.330503    99.817356    37.026254
cu3_i1n2             0.112951   316.595505  -125.869857
cu3_i2n1             0.393529   965.325872   -16.480680
cu3_i3               0.724395   457.054706   103.865018
cu3_n2s1             0.576958   381.879189    -1.046385
cu3_n3               0.321622    41.408147    68.455783
cu4_br2n2            0.123804    98.883212   -89.580100
cu4_c1n3             0.278837    83.788421    77.843822
cu4_cl2n2            0.677024   165.444573    47.100856
cu4_i2n1s1           0.515477   169.178816   109.793255
cu4_i2n2             0.173212   137.204523    21.406988
cu4_i2s2             0.269487    10.450968   129.859688
cu4_i3n1             0.238987    66.019009   101.625789
cu4_i3s1             0.453301    26.663161   147.504962
cu4_n1o3             0.616055   624.996275  -399.460234
cu4_n2o2             0.618164   171.095105    -1.679390
cu4_n2s2             0.067178   412.843575  -425.654705
cu4_n3o1             0.532864    55.018343    93.158750
cu4_n3s1             0.324254    82.074765    76.631042
cu4_n4               0.565565   255.515981     7.007581
cu4_o4               0.493317   610.209878  -468.314676
cu5_cl1n2o2          0.609250   460.105471  -173.721686
cu5_cl3n2            0.221505   214.832396  -171.061096
cu5_n1o4             0.510601   424.229693  -232.163243
cu5_n2o3             0.548761   552.431119  -297.964838
cu5_n3o2             0.552617   250.761496   -49.074312
cu5_n4o1             0.457190   257.752616   -58.575802
cu5_n5               0.459324   370.913624  -111.515130
cu5_o5               0.239978   432.356861  -463.158373
cu6_cl2n4            0.154629   107.492353  -222.794663
cu6_cl4n2            0.074431    57.843454  -690.443895
cu6_cu1n1o4          0.607069   481.037696  -246.301007
cu6_cu1o5            0.979691   453.695893  -231.130983
cu6_n1o5             0.452063   420.344438  -228.274108
cu6_n2o4             0.462764   656.128842  -384.728452
cu6_n3o3             0.496439   335.227486  -103.101137
cu6_n4o2             0.588614   388.846170  -142.682301
cu6_n4s2             0.242848   274.273547  -189.028557
cu6_n6               0.461178   218.413881   -18.719824
cu6_o6               0.748775   761.564385  -557.260285
f1_c1                0.158407     1.367213   162.898377
h1_c1                0.079870    15.768545     0.000000
h1_n1                0.539084   870.272010  -140.602259
h1_o1                0.067443   994.667469  -711.822983
h1_p1                0.041934   341.192305   426.799281
i1_c1                0.719326   668.855677   126.387948
i1_cd1               0.267114   112.554050   278.316728
i1_cu1               0.750937   413.783733   297.495342
i1_zn1               0.090169   589.059659   826.079438
i2_cu2               0.609185   193.982081   211.070850
i3_cu3               0.496249   308.587597   229.278841
mn5_o5               0.113561    72.449201  -649.251652
mn6_n1o5             0.169173   276.616252  -491.540640
mn6_n2o4             0.416008   683.748637  -512.076254
mn6_n4o2             0.475310   198.950133   -31.066315
mn6_n6               0.305447   121.438943   -20.719297
mn6_o6               0.100377   706.834920 -1431.382786
mn7_mn1o6            0.131485   206.219998  -672.092383
n1_c1                0.564720    84.788249   182.842321
n1_n1                0.311043     0.002019   194.061099
n2_ag1c1             0.123800    12.061497   385.785526
n2_c1cd1             0.284443     0.001863   197.628791
n2_c1co1             0.236832    20.232322   243.088300
n2_c1cu1             0.240764     0.006467   228.798973
n2_c1mn1             0.240908     1.976050   220.815900
n2_c1n1              0.884241   142.573532   141.899721
n2_c1ni1             0.216623    44.891054   269.218180
n2_c1o1              0.490960     4.326848   117.062096
n2_c1zn1             0.356872     0.000911   159.025272
n2_c2                0.288276     0.000151   154.791112
n2_cd1n1             0.315409    60.210755   210.918364
n2_co1n1             0.354805   751.838470   476.559117
n2_cu1n1             0.330305   117.431077   232.191291
n2_mn1n1             0.317916   962.908781   610.052787
n2_n1zn1             0.493553    16.038593   150.715353
n2_n2                0.595393    71.143547   120.365864
n2_o2                0.208597   159.158011    61.342279
n3_ag1c1n1           0.624453   160.037475   135.212240
n3_ag1c2             0.284764     0.003386   136.962231
n3_ag1n2             0.603735   358.951443   124.380773
n3_c1cd1n1           0.478363   183.668008   140.038471
n3_c1co1n1           0.508113   120.185073   122.508890
n3_c1cu1n1           0.471538   134.448741   131.804572
n3_c1h1n1            0.265030     0.001355   110.664498
n3_c1h1s1            0.503708   248.839966   226.046932
n3_c1h1zn1           0.268518     0.000490   171.571822
n3_c1h2              0.131944     1.452973   418.293760
n3_c1mn1n1           0.376624    92.156415   125.438823
n3_c1n1ni1           0.587514   317.348704   155.498750
n3_c1n1o1            0.087895   288.319627  -248.977220
n3_c1n1zn1           0.384571   107.299358   126.809674
n3_c1n2              0.424939   118.155509    62.075780
n3_c1o2              0.188594   737.533059  -414.150198
n3_c2cd1             0.365211   101.434515   143.398048
n3_c2co1             0.303202    61.661165   139.515970
n3_c2cu1             0.247992     0.001627   147.880438
n3_c2h1              0.265222     7.082086   134.129819
n3_c2mn1             0.249885     1.283093   141.175674
n3_c2n1              0.457320    93.820078    80.750586
n3_c2ni1             0.254854    13.192203   140.554289
n3_c2o1              0.587579   231.105396    38.028075
n3_c2zn1             0.222370     0.007143   153.995636
n3_c3                0.439489    76.383587    97.706199
n3_cd1n2             1.156071   741.183463   150.010928
n3_cd2n1             0.060091   172.340541  1001.252675
n3_co1n2             0.759774   597.304072   126.270738
n3_co2n1             0.312497   502.748810   420.620110
n3_cu1n2             1.228718   606.803259   136.310335
n3_cu2n1             0.373223   601.172053   479.209534
n3_h1n1zn1           0.256741   356.065209   135.526890
n3_h2n1              0.374687   123.232508   183.022883
n3_mn2n1             0.054824    93.772361   995.652361
n3_n1zn2             0.103166   352.329157   715.890607
n3_n2zn1             0.559876   295.822010   115.893255
n3_o3                0.057979     8.039025 -1023.997601
n4_ag1c1h2           0.351178   153.325168   215.020948
n4_ag1c3             1.606207   374.784621   141.038513
n4_c1cd1h2           0.377727   760.192124   560.442834
n4_c1co1h2           0.374841    42.338229   136.259200
n4_c1cu1h2           0.327017   218.383432   253.718730
n4_c1h2ni1           0.391488   185.061160   216.034715
n4_c1h2zn1           0.285349   237.179295   282.949419
n4_c1h3              0.057386   206.032729   866.885828
n4_c1n1zn2           0.169477   216.853289   219.213329
n4_c2cd1h1           0.525374   473.367945   238.775259
n4_c2cu1h1           0.470231   320.232385   193.467499
n4_c2h1ni1           0.242793    18.437735   138.380516
n4_c2h1zn1           0.448010   156.254683   139.679428
n4_c2h2              0.163858    19.303552   162.283477
n4_c3cd1             0.820864   286.882843   126.366594
n4_c3cu1             1.090812   221.482388   110.749863
n4_c3h1              0.756678   199.739435    90.950034
n4_c3ni1             0.279585   142.241370   111.838052
n4_c3zn1             0.221608   138.051487   129.345936
n4_cu1h3             0.081841   311.802645  1185.045598
ni4_c4               0.932045   835.479372    39.564905
ni4_n2o2             0.658415   435.250521  -111.725953
ni4_n4               1.012143   355.316848   -24.984071
ni5_n2o3             0.092709   112.449958  -514.548535
ni6_n1o5             0.123535   127.135581  -457.953135
ni6_n2o4             0.268595   976.796107  -705.796147
ni6_n3o3             0.169716   128.639555  -200.751225
ni6_n4o2             0.206459   146.507160  -123.025836
ni6_n4s2             0.242565    88.435105    11.310373
ni6_n6               0.321798   122.738633    21.391599
ni6_o6               0.290480  1124.324162 -1010.514933
o1_c1                0.648664   170.094544   222.609204
o1_cl1               0.214350   675.240377   592.058244
o1_n1                0.648994   282.437950   228.965064
o1_p1                0.284737   605.040804   711.958730
o1_s1                0.331308   116.386160   268.971155
o2_ag1c1             0.725023   700.478586   476.713149
o2_ag1cl1            0.172949   399.041733   498.322671
o2_ag1n1             1.374074   412.341785   289.091902
o2_ag1s1             0.396712   733.930829   588.840468
o2_al1c1             0.041237   169.717293  1614.685185
o2_al1h1             0.809250   880.123701  1076.368766
o2_c1cd1             0.688065  1189.821389   757.506338
o2_c1co1             0.597099   870.009604   569.400602
o2_c1cu1             0.572937  1090.203893   684.287740
o2_c1h1              0.558952   464.889244   297.957239
o2_c1mn1             0.465626   857.868902   574.521853
o2_c1ni1             0.644841   964.351897   613.324132
o2_c1zn1             0.450571  3646.556578  2112.391354
o2_c1zr1             0.063638    41.570944  1038.725658
o2_c2                1.832690  1085.837755   326.128672
o2_cd1n1             0.970635   839.171423   479.558666
o2_cd1p1             0.369103   634.904977   632.139237
o2_cd1s1             0.191211   865.598433   855.412548
o2_cl1cu1            0.568925   376.955567   321.094986
o2_co1n1             0.919940   771.410272   455.688772
o2_co1p1             0.098113   699.651705  1241.691988
o2_co1s1             0.095564   157.698521   729.538124
o2_cu1n1             1.205765   843.142104   497.025571
o2_cu1p1             0.306683  1105.746519  1021.468343
o2_cu1s1             0.280300   411.159719   460.953327
o2_h1n1              0.831654    86.426899   128.711499
o2_h1p1              0.087093   254.983855   870.257900
o2_h1s1              0.063926    29.884314   823.913969
o2_h1zr1             0.612483   573.736920   739.776132
o2_h2                0.500836   769.517555   699.298985
o2_mn1n1             0.462765   785.993413   486.575458
o2_n1zn1             0.843635   686.392788   400.158905
o2_p1zn1             0.107716   606.898088  1111.085992
o2_s1zn1             0.178782   269.407971   477.148846
o3_ag1c1h1           0.518716   757.571995   453.559507
o3_ag1c2             0.772815   501.862221   172.193551
o3_ag1h2             0.085159   168.454422   896.874646
o3_ag2c1             0.724778  1364.610216   823.036371
o3_ag2n1             0.880195  1064.290692   568.107203
o3_ag2s1             0.186625   619.549178   672.465294
o3_al2h1             0.066622   224.983438  1747.219318
o3_al3               0.207067   313.842237  1156.544725
o3_c1cd1h1           0.473997   822.421440   464.711865
o3_c1cd2             0.432079  1664.428957  1051.162853
o3_c1co1h1           0.466437   853.446051   478.695910
o3_c1co2             0.536459   954.349422   630.020621
o3_c1cu1h1           0.533463   866.366628   519.179724
o3_c1cu2             0.607990  1233.446777   770.723945
o3_c1h1mn1           0.047570   623.736085  1229.188910
o3_c1h1ni1           0.395083   672.758818   385.497313
o3_c1h1zn1           0.483894  1043.380158   585.865925
o3_c1mn2             0.330212   584.035229   438.778351
o3_c1ni2             0.623188   661.464942   459.602005
o3_c1zn2             0.510144  1835.079552  1137.349594
o3_c2cd1             1.063794   453.152510   191.780068
o3_c2cu1             0.948534   515.612350   211.468825
o3_c2zn1             0.823999  1134.508182   323.779475
o3_cd1h2             0.058004   254.784629  1396.279608
o3_cd2n1             0.499842   603.711371   381.177709
o3_cd2p1             0.114493   301.225196   806.618418
o3_cd2s1             0.073554   305.458817  1080.350023
o3_co1h2             0.106812   504.078930   949.361203
o3_co2h1             0.529795   451.494017   478.260929
o3_cu1h2             0.060593    76.203798  1223.704518
o3_cu2h1             0.367842   425.234763   509.998839
o3_cu2p1             0.317276   578.725652   611.985464
o3_h1zn2             0.244173   831.339443   925.575220
o3_h2mn1             0.148079   293.347259   588.114680
o3_h2ni1             0.087581   130.453121   821.597479
o3_h2zn1             0.059288    93.173303  1230.191605
o3_h2zr1             0.137180   200.049301   660.164042
o3_mn2n1             0.422447   428.667345   306.351058
o3_p1zn2             0.096500   530.551549  1131.856600
o3_zr3               0.560145   923.882569  1337.665478
o4_cd2h2             0.096031   315.935727   879.118189
o4_cd3h1             0.188792   680.007719   871.280959
o4_co2h2             0.074923   147.290353  1016.585474
o4_co3h1             0.142527   435.268973   810.793756
o4_cu2h2             0.075215   226.212640  1117.405709
o4_cu3h1             0.075915   106.038544  1086.419330
o4_h1zn3             0.076991    60.255117  1023.151669
o4_h1zr3             0.099020   169.494450  1197.676099
o4_h2mn2             0.098034    17.718668   628.459343
o4_h2ni2             0.140050   534.337186   796.507419
o4_h2zn2             0.099742   316.797169   850.969270
o4_zn4               0.615092  1345.162159  1450.221255
p4_c1o3              0.311947   627.041108  -767.590584
p4_c2o2              0.365370   618.945466  -565.574489
p4_h1o3              0.835832   615.676305  -539.622490
p4_o4                0.079503     1.584105 -1459.087497
s1_c1                0.464752   123.391602   200.638604
s2_c1cd1             0.271087   387.964542   285.382039
s2_c1cu1             0.170495   200.897537   318.964939
s2_c1ni1             0.738284   183.716125   174.646888
s2_c1s1              1.225042   622.249247   103.699621
s2_c1zn1             0.255525    74.202524   230.766069
s2_c2                0.789804   157.701855    95.767886
s3_ag1c2             0.253470   142.037322    89.062047
s3_ag2c1             0.112288   146.009228   363.547787
s3_c1cu2             0.314881   377.662411   267.388929
s3_c2cu1             0.307138   461.153718    79.806800
s3_c2o1              0.457676   133.741175    34.394680
s4_c1n1o2            0.480864   407.423235  -313.310068
s4_c1o3              0.437387   117.404750   -10.603849
s4_c2o2              0.485401    15.758554   114.160580
s4_o4                0.086931    44.476668 -1223.633117
zn3_n3               0.638587    68.565328    39.282634
zn4_br2n2            0.599999   172.438003    34.961599
zn4_cl1n1o2          0.180109    72.750055  -197.654747
zn4_cl1n2o1          0.219321   392.394831  -340.453915
zn4_cl1n3            0.451106   161.658978    -3.015204
zn4_cl2n2            0.459053   595.684384  -250.997326
zn4_i2n2             0.628338   587.800866  -123.268192
zn4_n1o3             0.425875   594.390477  -429.942725
zn4_n2o2             0.456038   733.389911  -479.492938
zn4_n3o1             0.465384   425.390800  -215.443836
zn4_n4               0.515120   208.858095   -39.724459
zn4_o2s2             0.760315   323.708324   -49.663786
zn4_o4               0.105284    72.771424  -668.116492
zn5_n1o4             0.382942   742.989152  -552.770373
zn5_n2o3             0.397509   642.563483  -414.874993
zn5_n3o2             0.376491   176.378425   -37.343366
zn5_n4o1             0.394317   426.076251  -205.361212
zn5_n5               0.166423   189.699884  -253.367558
zn5_o4zn1            1.253326  1016.366718  -829.718893
zn5_o5               0.106657   399.192719  -960.182546
zn6_n1o4zn1          0.770124  1366.340115  -989.304084
zn6_n1o5             0.386078   501.093452  -326.923275
zn6_n2o4             0.388458  1090.218095  -765.452226
zn6_n3o3             0.405803   617.385829  -343.945870
zn6_n4o2             0.370879   394.472128  -193.041194
zn6_n6               0.240276     8.745635    10.380335
zn6_o5zn1            0.942313   463.509715  -267.593881
zn6_o6               0.562719  1379.827711 -1213.173681
zr8_o8               1.207125   527.799996  -957.797253
