ag2                  0.265206     0.000000   -38.033402
ag3                  0.195136     0.000000   -80.024730
ag4                  0.145466     0.000008  -159.909968
ag5                  0.145974     0.000001  -148.768901
ag6                  0.147552     0.000009  -122.591575
al5                  0.069847     0.000425 -1999.982355
al6                  0.232572  1125.193208 -1999.999999
br1                  0.581181    24.043309    53.442123
br2                  2.000000   704.403458   325.525203
c2                   0.394364     0.000000    50.545463
c3                   0.322043     0.000000    38.857569
c4                   0.397987    51.179521    37.084914
cd4                  0.247142     0.000004  -114.684475
cd5                  0.279915   220.637701  -279.303110
cd6                  0.180879     0.000000  -223.397541
cd7                  0.125111     0.000000  -435.177023
cd8                  0.345921  1248.592976 -1153.980115
cl1                  0.640130     0.000000    57.163357
cl2                  1.403832  1040.730706   525.189971
cl4                  0.613988   168.973566  -114.302219
co4                  0.390672    42.419352   -16.828903
co5                  0.217582    51.621761  -151.139775
co6                  0.230042     0.000000   -69.214687
cu2                  0.220207     0.000002   -38.965210
cu3                  0.312512     0.000000    -5.087046
cu4                  0.353795     0.000000     3.743192
cu5                  0.188631     0.000000  -177.985566
cu6                  0.148462     0.000000  -281.261318
f1                   0.190302     0.000000   121.651077
h1                   0.211652     0.000000     0.000000
i1                   0.774430     0.000000    47.825925
i2                   2.000000   264.327526   111.595908
i3                   2.000000   863.147113   241.542987
mn5                  0.048712   165.154071 -1999.994864
mn6                  0.182761     0.000000  -214.449759
mn7                  0.592847  1998.848289 -1995.395384
n1                   0.183783     0.000000   203.292904
n2                   0.393065     0.000000    70.900957
n3                   0.318734     0.000000    56.673338
n4                   0.272678     0.000000    63.423182
ni4                  0.276641     0.000000     4.395320
ni5                  0.041533   850.056388 -1999.953284
ni6                  0.187496     0.000000  -120.716747
o1                   0.386686    52.420870   136.853824
o2                   0.284918    77.540220   147.444511
o3                   0.249294     0.000000   118.096940
o4                   0.061411     0.000031  1330.672989
p4                   0.418314    96.186740   -98.624106
s1                   0.818436   174.690649   115.450395
s2                   0.429110     0.000000    36.861941
s3                   0.485876    10.476571    27.266470
s4                   0.530854    59.978985     2.132388
zn3                  0.495023    45.058833   -21.775714
zn4                  0.317696     0.000000   -29.095439
zn5                  0.328848  1999.998645 -1686.821972
zn6                  0.332130   434.810697  -351.470470
zr8                  0.091597     0.000004 -1999.999989
