ag                   0.121573     0.000066  -168.967742
al                   0.109873   605.246222 -1999.999991
br                   0.674938    67.848932    65.208402
c                    0.380631    45.638845    47.349571
cd                   0.122874     0.000000  -432.180843
cl                   0.681714    42.681305    70.188960
co                   0.382433   295.773539  -177.812251
cu                   0.277460     0.000000   -11.928435
f                    0.160902     0.000001   155.823187
h                    0.188402     0.000000     0.000000
i                    2.000000   102.379843    64.609881
mn                   0.128770     0.000015  -430.372995
n                    0.289207     0.000000    79.767317
ni                   0.293950   110.033442   -28.172042
o                    0.180113     0.000000   234.482178
p                    0.378590    53.632974   -56.163369
s                    0.462621    21.219828    43.414499
zn                   0.416325   361.792014  -254.439938
zr                   0.161931   495.291847 -1999.968104
